500
3900
1900
1000
2500
2900
950
1950
3350
1500
500
1950
500
500
1000
500
500
1000
1000
1950
500
500
1000
1450
500
4350
500
1500
1450
1000
500
1000
1500
1950
1000
500
1000
1000
1500
500
500
2500
1500
500
1500
2450
1500
500
1000
1000
500
1500
1000
500
500
500
500
1000
1500
500
2500
500
500
1000
1000
1000
1000
500
950
2900
1000
500
2450
2450
2000
1450
2400
950
3450
500
1950
500
1000
1000
500
500
1000
500
1500
500
500
1000
1500
3450
1500
3400
1000
2000
1000
500
2450
1000
500
1000
500
1000
500
1000
2900
500
2450
500
500
2900
1000
500
1900
1000
2450
4350
2900
1450
500
500
1000
1000
1000
1500
500
1950
1500
500
500
1500
2000
1450
500
1000
1450
500
500
